[[ 0.569836    0.5553808   0.20397207  0.57827497  0.43389302  0.3383446
   0.46984407  0.4091602   0.63050556  0.28108191  0.2794674   0.3849925
   0.4460199   0.48888698  0.3921781   0.3105694   0.24577123  0.17690888
   0.39006194  0.26000425  0.07150831  0.16172636  0.1328381  -0.02004929
   0.318083    0.09430626  0.09305704  0.00688375  0.18573684 -0.03126064
   0.17603835  0.12697038 -0.00139366  0.17577845  0.21433678  0.10973854
   0.08269244  0.15376881  0.21523535  0.02827387 -0.07611355  0.23538655
   0.1092242   0.09484463  0.01822308  0.07548815  0.05678812  0.1031124
   0.12334573  0.1820561   0.08001727  0.07381889  0.00654032  0.1176993
  -0.07782011  0.11343338  0.05577763  0.04396939  0.02953672  0.02943641
   0.19164602  0.09494969 -0.03989812  0.11796188  0.0337754   0.15890491
   0.00629456  0.055793   -0.04857042  0.17611767]
 [ 0.31631827  0.374082    0.07975268  0.37081236  0.31101996  0.306693
   0.15850735  0.30295187  0.39407223  0.19021764  0.38063908  0.45959106
   0.5434353   0.50813377  0.5553234   0.54420996  0.31801903  0.2504889
   0.53254616  0.55281484  0.10859822  0.11266671  0.06585949  0.12748876
   0.3525188   0.09982713  0.08745648  0.17270234  0.19523636 -0.03346437
   0.02964653  0.06299332  0.03073234  0.1368438   0.03747244  0.04686528
   0.08916165  0.04120502  0.13843077 -0.04515687  0.03197005  0.21407849
   0.12276404  0.0897264  -0.06503703 -0.03127169  0.11768354  0.1870347
   0.00819963  0.15471461  0.15057506  0.12263341  0.11314788  0.03415962
   0.08949214  0.07714361  0.10924547  0.11981855  0.09107243  0.07802834
   0.17008036  0.15236783  0.18503284  0.22711822  0.17342497  0.1988208
  -0.01549276  0.13264829  0.07895268  0.3092693 ]
 [ 0.19254285  0.14396676  0.18976536  0.04984584  0.1534707   0.12874387
   0.11184587  0.21881604  0.25938398  0.24328639  0.1753226   0.15542074
   0.03816838  0.1253689   0.23723492  0.15644558 -0.04286921  0.12005965
  -0.02038777  0.18663764  0.40750435  0.38881397  0.51709783  0.142803
   0.27035522  0.51763785  0.4620548   0.21073544  0.4235592   0.43900707
   0.18038903  0.10242109  0.04871036  0.45517927  0.2166228   0.32092133
   0.21383956  0.2126594   0.3640144   0.28916937  0.21701786  0.34209317
   0.188175    0.21372014  0.23247643  0.09800204  0.03180865  0.25957847
   0.20649892  0.28209165  0.08511727  0.00703502  0.13561717 -0.0067224
   0.03682264 -0.06047896  0.07978873  0.04263442  0.08335012  0.09041448
   0.31090456  0.2745887   0.19059625  0.2281386   0.23795679  0.23783311
   0.09740239  0.2013716   0.2030247   0.17349005]
 [ 0.18664457  0.1523929   0.09546178  0.160148    0.05676909  0.14242397
   0.18785408  0.2846836   0.24559152  0.27262104  0.192747    0.13380224
   0.23289564  0.17365333  0.19639203  0.2697152   0.16074717  0.09776311
   0.07235119  0.25622004  0.28532505  0.32753557  0.32347164  0.22391953
   0.22603524  0.29428846  0.33859354  0.12848121  0.2812993   0.23203829
   0.53037965  0.59750915  0.50816005  0.7017747   0.64460707  0.69646895
   0.5901875   0.72054034  0.7010835   0.5588422   0.09048883  0.3087854
   0.32830346  0.17207275  0.07668202  0.18593578  0.02931209  0.29793507
   0.097411    0.29902542  0.18218589  0.1531614   0.19213028 -0.0141505
   0.04659183  0.05368492  0.07838489  0.03483835  0.20867325  0.09756476
   0.29211318  0.22767715  0.16322091  0.20483862  0.15846765  0.22550583
   0.01825698  0.10404483  0.14544493  0.30191404]
 [ 0.28435546  0.3757447   0.23248264  0.3347768   0.2388444   0.2616778
   0.15184222  0.30881333  0.35870188  0.24837735  0.266549    0.2665761
   0.32121864  0.1978322   0.34890825  0.38242564  0.09156931  0.08141942
   0.1838418   0.35994992  0.31084204  0.3261531   0.30756354  0.09229371
   0.30288863  0.25201592  0.36020765  0.2760547   0.263969    0.27610064
   0.41224837  0.16053212  0.03564964  0.39929718  0.30471206  0.30815372
   0.25169724  0.29631734  0.39833063  0.2434846   0.17283314  0.42813534
   0.17074218  0.2722402   0.15004802  0.2921127   0.18580249  0.3452958
   0.11706293  0.3559361   0.0987334   0.09172793  0.15952432  0.05590726
   0.12386394 -0.01617773  0.1209313   0.0670417   0.04066171  0.10434002
   0.33894956  0.34947544  0.11980766  0.33642572  0.24286675  0.28846937
   0.06764495  0.18582694  0.17138855  0.26676327]
 [ 0.09813154  0.09358435  0.25174174  0.21374772  0.04655411  0.09190366
   0.11635029  0.14585194  0.11580195  0.08895931  0.02383177 -0.00278232
   0.11344646  0.06493993  0.07687528  0.11564998  0.15426777  0.18281223
   0.18456897  0.14894271  0.19060576  0.15040338  0.12914364  0.26591098
   0.16287051  0.1488229   0.01417736 -0.03439018  0.13094726  0.09274549
   0.16687801  0.09934959  0.11894536  0.17307109  0.11866932  0.26466545
   0.19282714  0.17497233  0.20868793  0.04061157  0.1087473   0.15720436
   0.09004335  0.05779569 -0.07718745  0.04385679  0.14854142  0.10385695
  -0.1123951   0.10627754  0.7120224   0.6314081   0.7309327   0.3790158
   0.44549176  0.5288107   0.37242407  0.72572935  0.75847924  0.42584392
   0.21195045  0.18950981  0.11035854  0.21342087  0.13221     0.13774389
   0.06841287  0.1533419   0.01281007  0.15846753]
 [ 0.18095446  0.05061083  0.14383209  0.21314415  0.04049671  0.21506323
   0.1324608   0.19419831  0.2477288   0.2537767   0.14497346  0.06224356
   0.13421659  0.16719547  0.21236065  0.21064548  0.05533173  0.07354186
  -0.00169224  0.18683815  0.3159074   0.29752046  0.33744556  0.2893686
   0.4126264   0.27531534  0.22610086  0.07163283  0.12897871  0.201402
   0.29145825  0.1831213   0.19429387  0.32703406  0.20531118  0.35005245
   0.26836634  0.28613284  0.46483803  0.19881395  0.24923512  0.3082864
   0.21879794  0.14987218  0.07781837  0.23646829  0.1476256   0.29659992
   0.11244904  0.3141209   0.3238763   0.3266989   0.27890548  0.15118268
   0.24005774  0.09739739  0.23079686  0.21062768  0.26471916  0.269834
   0.6043602   0.32375324  0.17597534  0.34912717  0.1554903   0.43508106
   0.17493376  0.22651881  0.4149179   0.3935737 ]]
